2
26 16 27 21 8 24 25 13 27 24 22 20 4 19 17 3 5 16 15 7 2 2 24 1 6 6 6 21 12 15 3 13 23 15 8 8 24 6 6 19 15 21 3 4 29 20 19 3 6 19 25 26 17 2 7 10 9 19 12 17 6 25 6 13 16 4 29 20 18 19 4 5 3 16 28 9 24 23 19 2 20 3 28 18 6 5 18 7 4 29 25 10 16 16 19 21 27 9 22 21 
9 3 21 29 14 8 7 14 8 28 28 20 27 6 8 22 15 29 7 17 4 12 5 28 8 16 26 3 1 27 18 6 13 6 5 6 16 17 8 5 8 2 12 28 11 2 17 25 4 8 19 27 21 2 13 16 6 17 5 20 18 16 13 14 22 13 16 10 14 28 25 6 23 24 9 6 17 23 17 24 20 12 10 23 15 28 9 21 11 11 2 3 25 15 12 4 26 4 15 7 
4 24 13 25 24 26 16 4 1 5 6 1 28 17 29 4 29 23 29 7 26 10 24 4 24 29 16 2 20 12 4 2 19 12 3 14 11 12 26 16 12 23 6 27 24 24 2 10 24 4 11 9 19 16 7 21 19 6 3 14 29 6 2 4 9 16 10 28 18 15 5 27 11 2 21 11 5 28 15 27 20 12 20 9 28 7 21 16 16 22 5 28 22 7 16 10 8 3 10 9 
19 11 4 20 19 7 17 20 26 20 27 26 12 23 25 29 28 8 4 4 24 13 8 9 26 3 13 20 25 19 22 1 24 15 29 23 5 13 4 6 3 14 8 9 22 8 13 16 29 4 28 19 25 20 17 19 13 7 4 17 11 18 24 24 13 20 13 13 20 14 7 23 19 18 10 25 22 20 13 5 10 15 7 12 29 24 20 13 15 23 14 19 9 8 14 20 22 5 26 5 
5 29 10 19 29 4 8 11 6 19 12 23 13 18 18 6 22 23 27 15 11 19 29 28 4 18 28 2 8 7 3 22 20 16 12 4 1 28 23 28 4 19 14 6 18 15 8 25 18 18 1 27 5 22 24 23 11 13 9 15 14 26 20 12 7 13 6 29 5 25 12 3 21 27 16 26 18 6 26 21 7 26 10 4 4 22 15 24 20 15 27 5 28 25 18 16 27 22 22 9 
21 11 27 17 1 16 22 13 27 11 25 13 7 9 26 22 22 27 9 26 22 10 29 7 10 28 12 29 1 11 22 12 3 22 23 16 10 12 28 22 4 16 26 29 10 3 3 26 9 20 25 12 7 2 4 8 7 17 6 23 23 5 16 1 20 9 29 8 24 6 18 4 29 6 15 15 11 12 29 25 11 1 17 24 1 25 13 8 14 25 21 7 11 18 26 4 29 24 8 21 
26 11 19 5 10 12 20 16 4 7 6 9 15 26 9 1 26 20 22 12 21 2 9 8 10 3 5 2 19 5 20 19 28 11 21 21 29 4 27 2 15 8 2 8 6 24 14 8 22 5 11 9 1 28 18 21 3 25 13 13 6 28 29 19 11 5 22 2 24 8 11 5 17 6 1 25 7 14 1 29 20 27 7 22 8 9 6 27 1 21 5 4 13 19 11 8 21 25 16 16 
22 9 19 11 8 13 18 26 6 1 18 2 21 10 19 27 9 18 27 19 25 20 14 12 3 9 22 13 17 3 7 5 26 23 3 12 20 2 19 2 2 21 9 18 26 15 20 10 12 6 11 23 3 5 29 28 1 2 18 15 15 17 21 26 8 26 12 15 1 7 16 21 17 11 24 29 15 11 29 21 16 6 16 17 13 24 25 14 1 23 21 1 12 16 8 10 2 19 28 1 
15 22 7 8 21 26 13 2 19 25 17 9 28 17 3 18 21 21 27 7 2 2 23 1 25 6 23 5 14 27 21 23 11 5 10 20 13 20 24 25 21 13 8 11 24 2 8 24 20 28 14 20 7 10 24 16 22 19 21 16 26 14 4 20 2 3 29 2 20 7 16 21 3 18 6 19 16 9 23 13 8 13 13 21 16 2 16 9 29 21 6 23 12 18 5 5 25 22 23 25 
19 20 12 9 3 15 7 9 14 20 28 26 10 25 9 11 4 5 1 2 17 26 23 16 19 23 17 26 9 4 2 26 15 1 28 23 11 8 23 18 29 9 21 1 27 18 2 3 6 16 6 26 14 23 18 27 28 3 14 27 28 8 16 4 15 3 6 12 8 21 22 7 18 10 15 4 4 4 9 20 29 2 10 11 20 17 13 6 27 11 16 15 10 23 19 4 25 14 24 18 
15 13 19 6 27 14 10 13 1 12 3 5 26 5 11 10 15 9 17 1 2 14 6 8 5 8 7 17 29 20 28 19 24 2 17 22 15 12 24 28 25 16 7 25 8 4 22 23 3 28 25 11 4 22 5 2 5 27 26 12 7 26 13 17 24 22 2 16 2 19 2 17 24 3 29 17 13 7 16 5 18 4 17 13 21 23 26 6 3 4 18 1 6 8 15 28 12 19 13 14 
10 10 22 22 8 20 7 4 2 12 6 6 16 9 26 24 20 18 13 7 23 19 1 2 10 16 2 22 11 19 13 22 4 20 4 5 17 21 8 1 20 11 3 27 6 28 7 14 26 9 8 28 6 11 10 16 7 15 15 3 20 17 9 28 9 14 3 28 6 9 4 23 27 24 24 20 2 3 22 17 5 17 16 21 8 22 7 20 17 19 26 16 9 23 28 25 22 15 28 11 
16 16 8 9 16 2 18 4 17 21 2 17 14 1 27 24 29 9 29 2 5 8 21 25 10 22 25 23 18 7 20 29 9 4 23 27 4 12 11 9 12 15 12 9 26 7 17 5 16 6 17 19 20 13 6 8 23 21 29 3 22 28 26 26 1 21 12 4 19 24 15 10 7 4 17 28 16 8 11 22 1 16 10 18 2 5 27 2 27 15 28 16 14 28 16 8 13 23 7 24 
28 6 1 1 18 27 28 29 13 7 21 5 19 2 9 14 5 5 5 4 28 29 24 11 22 29 10 22 10 15 2 6 1 5 12 3 15 2 12 4 28 27 12 3 23 12 2 3 1 1 22 14 5 20 10 27 2 27 12 5 13 29 11 23 24 4 21 26 17 18 12 11 7 5 27 14 20 3 19 18 17 4 3 14 27 5 21 26 16 11 19 25 19 4 24 8 12 15 20 26 
22 11 29 8 19 10 13 25 25 11 24 15 2 20 3 24 20 14 25 14 20 21 6 6 25 14 1 26 28 9 12 28 1 27 26 11 20 21 14 22 19 10 22 16 18 17 5 16 26 23 2 24 24 3 3 1 6 17 1 1 18 12 23 8 12 23 2 23 20 15 6 8 18 26 8 25 13 22 17 26 3 25 9 21 14 18 22 17 20 25 8 12 22 18 4 9 1 7 9 24 
7 16 13 18 13 22 20 22 24 21 20 19 28 13 1 3 5 29 4 8 12 9 3 6 16 13 8 24 27 6 28 1 26 16 11 13 22 10 1 2 2 1 26 17 4 29 13 11 19 27 28 27 17 26 1 19 14 4 24 26 10 21 26 14 11 6 25 21 7 5 23 22 18 26 25 3 9 23 2 28 12 27 5 14 13 10 12 15 29 29 20 29 19 12 11 12 11 21 12 19 
19 9 27 4 2 9 27 17 9 26 3 27 11 6 18 14 9 7 2 21 18 25 15 24 29 23 15 10 17 10 27 21 28 19 5 28 25 6 28 2 2 7 10 13 7 23 15 17 17 26 14 19 24 18 12 12 27 7 25 6 27 29 29 26 28 3 16 3 17 10 9 20 12 18 2 2 28 19 19 22 20 16 14 26 10 23 5 3 22 23 11 6 9 16 20 10 19 4 27 25 
25 3 3 28 9 15 6 19 10 12 13 12 4 6 19 13 24 25 1 15 6 12 25 23 20 19 22 13 3 6 16 23 17 22 24 20 26 8 5 11 14 20 26 5 13 17 3 13 1 28 23 22 18 28 13 24 29 16 10 4 10 13 10 24 13 18 19 1 10 1 29 20 14 23 13 27 10 13 12 15 23 5 26 26 25 25 1 14 14 19 8 15 19 1 18 8 7 16 6 11 
17 24 7 13 8 22 7 2 13 1 24 15 1 8 11 21 14 18 24 5 3 27 27 27 3 20 16 14 1 5 24 16 4 13 1 17 7 19 25 1 13 22 4 17 20 29 20 3 9 11 23 20 8 9 4 4 2 1 14 14 19 8 6 18 4 13 29 23 14 7 16 24 9 16 19 11 22 23 27 9 4 3 15 1 3 9 16 5 25 19 20 9 6 2 24 24 26 9 15 16 
12 1 1 20 22 11 9 14 7 28 21 20 28 22 25 19 29 17 2 14 26 21 22 13 25 21 16 1 1 5 10 4 9 12 18 28 25 25 15 4 11 16 11 7 16 22 17 9 14 11 11 19 19 10 29 18 18 9 24 5 24 5 22 19 20 20 7 19 16 14 10 25 8 16 15 4 4 21 20 24 23 21 17 22 20 12 5 2 26 21 26 15 29 2 26 28 29 22 12 26 
26 17 9 7 10 17 19 23 18 26 2 21 16 17 15 2 15 21 18 2 26 12 8 22 3 17 5 27 24 15 29 29 3 8 18 12 21 6 21 28 8 9 26 16 12 23 11 5 25 19 8 10 26 28 4 23 20 6 19 28 21 18 20 26 6 14 28 20 25 24 28 24 7 24 2 7 27 22 1 28 15 20 21 1 13 14 7 27 20 5 27 17 12 14 17 18 17 28 18 24 
9 15 17 22 23 5 26 4 26 27 29 23 3 26 28 8 1 6 25 21 22 18 8 19 20 10 13 14 16 7 12 24 14 6 4 14 9 24 17 21 1 13 4 2 17 7 15 26 29 24 27 1 25 13 14 16 9 11 11 9 12 22 22 29 26 24 21 29 1 4 13 26 5 9 1 23 25 14 20 23 5 5 25 2 24 12 20 22 2 11 12 3 18 16 16 26 8 27 3 21 
18 7 20 26 7 7 23 1 23 7 6 8 4 20 21 7 20 29 27 2 2 2 23 3 21 21 12 14 9 24 18 9 14 2 26 7 7 28 4 11 17 27 9 27 18 21 28 15 17 18 18 22 5 2 14 1 8 2 9 29 23 24 1 21 7 11 10 20 4 25 7 17 4 21 25 19 10 10 23 27 14 13 21 6 14 15 3 24 26 5 1 1 13 28 23 5 12 22 26 13 
29 3 28 19 24 20 9 18 8 14 23 29 16 12 26 7 4 21 16 24 7 15 20 14 8 29 23 10 25 16 23 28 1 24 17 5 21 17 22 12 10 27 10 12 6 8 4 1 8 18 19 13 3 9 3 13 3 20 18 3 10 2 29 27 14 25 1 26 4 4 17 24 11 8 5 7 15 19 8 26 4 24 16 21 10 17 15 14 29 11 11 21 17 3 27 16 16 26 25 20 
14 23 28 3 14 26 19 25 2 1 13 19 2 3 27 25 21 7 26 12 2 14 21 19 15 21 21 3 16 10 1 3 1 21 17 16 26 26 21 29 4 17 16 7 14 21 6 9 8 28 22 7 12 29 25 24 5 11 27 8 1 18 6 21 11 5 21 1 18 10 26 18 6 10 28 3 21 28 6 28 28 7 29 17 6 28 15 10 16 17 18 4 8 21 16 14 1 27 5 21 
28 29 7 3 26 6 19 28 7 24 12 27 24 9 11 2 21 28 2 22 16 18 19 29 27 17 24 26 16 23 9 26 5 17 13 29 22 23 29 20 22 1 25 18 1 11 23 21 9 16 15 23 17 14 9 14 16 29 6 9 18 7 29 11 17 12 16 8 16 18 5 16 22 11 4 27 23 12 6 1 11 2 5 15 20 6 11 17 21 14 20 25 29 15 20 2 22 25 12 6 
27 26 24 8 29 8 9 25 9 29 21 19 10 23 4 12 4 8 6 14 8 13 19 18 12 28 17 12 29 26 9 11 20 24 2 19 4 26 3 24 27 24 7 14 20 15 1 5 11 10 27 25 28 27 2 8 21 11 6 29 27 13 3 18 22 8 21 2 4 14 25 14 29 4 3 27 28 4 28 24 20 21 2 15 15 3 13 19 22 18 22 24 4 4 6 2 2 28 4 27 
20 21 9 27 29 9 10 17 27 5 19 22 15 15 16 19 28 17 25 25 20 8 29 4 9 15 21 12 14 13 2 3 23 15 25 13 11 5 14 13 4 3 12 15 14 18 5 24 6 4 4 14 12 19 4 18 4 26 2 10 5 29 2 25 16 8 13 21 21 17 18 17 13 3 3 7 2 26 5 26 7 2 12 7 27 2 4 2 14 12 13 28 7 29 5 17 25 10 21 19 
22 3 8 22 17 7 2 2 29 24 9 26 7 18 15 9 18 16 13 21 3 1 17 24 23 5 23 2 25 24 16 18 1 9 23 20 18 10 8 20 25 25 26 9 7 27 20 3 17 24 28 4 1 11 20 16 3 12 8 15 25 21 21 2 9 8 23 19 7 3 9 29 17 4 28 28 17 24 1 11 2 18 8 6 3 4 16 10 15 11 3 8 1 23 12 27 16 5 25 5 
20 24 7 5 25 20 23 26 14 26 25 3 15 13 17 26 15 20 16 13 9 12 18 2 17 20 12 15 14 22 18 28 26 29 19 23 19 12 17 12 7 21 10 19 8 12 11 26 6 5 18 20 27 21 19 27 29 18 26 5 1 25 21 4 2 17 26 21 25 23 24 9 9 16 1 24 25 23 3 25 14 14 9 28 26 13 18 8 21 28 27 26 10 25 3 6 11 19 20 1 
17 11 25 17 6 14 3 14 23 11 13 26 15 18 18 18 22 10 11 21 6 21 26 22 11 3 9 26 1 20 9 9 25 12 6 17 9 14 9 28 18 26 23 10 17 6 5 8 4 4 14 7 1 17 23 4 9 20 19 8 15 10 20 9 24 27 6 26 9 9 27 29 29 26 2 2 2 14 7 29 18 7 1 4 22 8 5 1 8 16 18 21 29 29 12 2 20 25 23 14 
24 12 24 8 20 20 22 29 12 26 13 24 1 1 19 2 4 8 8 8 16 11 19 25 3 23 12 1 21 25 9 16 17 8 13 6 16 12 26 14 1 13 7 13 5 15 13 26 25 24 21 11 13 26 16 20 7 19 6 27 9 12 22 25 11 27 19 10 7 2 5 4 15 27 9 22 24 19 8 26 22 29 24 1 10 7 20 17 2 12 3 25 20 27 18 3 1 14 5 12 
25 13 22 1 11 5 8 26 1 6 12 17 21 21 10 9 22 24 27 3 4 17 22 1 14 16 2 15 12 19 28 22 8 2 9 11 11 16 1 13 20 19 21 24 21 19 21 13 3 13 29 8 4 19 12 5 3 2 23 19 15 3 22 24 16 10 6 22 8 14 6 4 25 11 21 22 17 9 25 5 28 1 25 8 27 23 28 9 6 11 27 10 11 5 23 9 22 15 9 3 
23 1 24 5 18 17 8 25 16 3 11 12 25 6 2 19 7 2 22 21 12 2 7 23 2 6 25 12 1 17 28 17 21 4 19 27 9 5 3 28 19 1 7 13 20 10 1 8 28 11 23 25 13 12 6 8 21 5 9 17 21 11 7 23 4 17 27 5 28 27 7 5 2 4 4 22 2 17 14 11 4 6 18 25 28 19 19 19 17 29 2 15 27 18 20 15 28 26 14 28 
28 16 13 27 1 6 8 11 27 6 17 11 21 6 9 21 27 23 2 29 28 9 18 8 3 19 12 26 5 13 19 22 20 11 29 25 28 21 10 15 28 27 13 4 22 15 17 4 5 20 13 21 2 17 29 6 20 25 2 14 25 14 10 3 15 18 18 3 2 5 22 16 8 14 11 24 11 11 14 28 18 29 14 13 13 5 25 29 2 8 29 29 9 26 3 5 1 10 21 1 
25 22 12 13 24 9 14 23 21 15 28 7 10 1 8 8 15 2 7 18 26 23 23 15 19 18 29 6 19 12 7 6 26 12 21 11 18 23 9 25 7 24 8 13 14 6 17 14 22 10 1 14 17 4 29 12 6 6 17 23 2 14 21 21 19 2 21 18 25 1 1 29 3 20 11 15 29 13 19 20 22 20 14 1 28 23 15 16 11 4 4 26 28 2 7 24 21 8 27 2 
19 25 9 18 23 18 20 12 8 23 11 28 7 16 13 10 19 6 23 22 15 18 11 25 2 14 12 1 25 16 16 25 9 5 13 13 18 17 9 17 14 23 4 11 24 10 7 14 15 12 26 14 4 23 19 2 3 20 12 13 23 3 7 6 5 13 9 13 7 20 22 22 1 1 28 19 12 10 1 6 10 10 14 13 21 12 20 16 2 19 29 5 10 2 8 1 16 28 8 26 
4 21 6 1 6 24 7 17 19 11 6 6 2 27 20 13 28 7 3 15 21 4 14 22 8 8 15 7 26 2 8 13 28 5 11 18 16 10 9 13 19 10 28 23 16 20 6 27 13 23 22 10 7 22 23 4 19 16 11 5 24 20 24 1 12 14 17 8 15 14 18 21 9 23 27 10 2 27 13 11 27 10 8 28 15 21 9 10 11 8 19 13 21 16 2 27 8 27 18 29 
22 28 14 6 16 8 11 21 13 29 6 21 6 2 24 13 21 8 3 1 18 24 2 1 10 12 16 19 10 14 26 28 24 12 20 2 18 24 2 1 2 23 28 5 7 25 28 6 1 10 21 25 9 10 16 7 8 15 18 3 17 29 12 25 16 6 18 23 14 18 11 20 28 9 17 8 21 12 3 3 19 24 8 29 24 23 22 19 12 10 26 12 23 6 19 17 17 16 2 1 
16 15 6 13 18 1 24 23 23 12 27 3 27 5 14 23 9 26 29 4 14 22 26 3 3 13 22 9 24 12 20 28 26 4 2 10 5 14 18 28 14 4 23 17 5 25 15 3 4 9 25 27 9 21 11 2 14 3 10 20 3 20 11 28 3 2 29 22 4 28 21 9 23 26 22 10 26 5 9 24 16 10 25 15 27 25 23 9 7 7 21 12 12 27 21 20 10 12 18 8 
2 15 11 14 1 16 8 9 16 3 6 13 5 7 21 20 10 21 8 8 12 22 15 22 25 19 1 5 6 14 1 1 8 4 12 17 11 27 11 22 16 14 6 14 9 1 28 21 15 17 7 24 9 11 4 4 11 29 27 22 6 3 29 7 17 11 2 3 2 23 19 11 20 1 19 3 17 16 19 27 20 16 29 26 7 17 16 11 4 6 18 1 24 2 27 17 15 26 14 20 
13 11 10 2 18 5 22 12 19 12 10 7 27 16 7 25 19 25 3 16 14 29 3 28 24 23 14 27 24 28 28 12 2 4 6 6 27 6 3 6 5 2 2 16 19 10 4 14 25 6 28 2 13 6 22 26 27 23 7 15 11 22 17 16 8 28 15 6 18 8 26 7 27 23 19 11 1 14 16 20 15 20 18 20 17 6 16 8 25 5 2 27 25 7 2 24 18 26 6 29 
11 7 25 23 18 18 10 12 16 11 29 26 6 29 7 11 3 12 28 1 15 25 18 28 8 4 14 6 23 13 18 25 8 26 11 15 8 15 26 19 16 3 8 16 11 24 17 16 19 28 3 13 20 21 29 24 19 3 20 26 11 9 24 4 3 20 8 3 19 5 22 14 16 22 29 23 28 16 27 25 17 23 21 27 13 10 21 3 26 15 25 14 5 17 12 23 5 1 2 24 
25 2 26 14 7 1 7 20 15 11 3 6 17 17 1 10 22 7 5 14 6 16 28 27 26 16 13 25 12 2 18 3 27 15 23 17 2 21 18 25 29 10 14 27 6 29 19 24 22 14 5 1 20 8 9 13 13 3 15 23 29 24 19 22 29 23 14 4 23 3 13 7 7 10 3 21 6 11 4 24 15 7 28 10 15 13 29 16 21 28 4 12 6 28 6 27 6 18 21 20 
8 12 9 27 5 25 10 9 11 26 9 4 10 9 15 1 3 26 16 3 21 24 24 21 12 7 29 29 24 28 17 4 4 23 19 12 25 17 15 1 16 19 21 22 12 13 8 5 21 26 2 5 13 25 5 3 24 29 8 18 5 10 28 22 13 4 11 18 10 20 4 12 16 10 9 3 6 1 10 5 22 21 9 10 3 10 28 8 1 15 27 1 17 3 29 27 29 29 29 16 
21 7 12 7 10 19 18 27 29 12 9 19 19 17 11 9 21 9 23 6 10 21 7 13 13 15 23 18 24 29 10 22 8 6 6 22 29 5 29 6 8 21 10 19 2 12 3 6 18 18 21 8 15 16 6 15 13 16 18 25 2 9 7 23 7 8 22 11 17 25 2 9 19 25 6 13 16 21 27 12 1 22 9 3 29 19 10 9 27 2 19 6 23 4 19 26 25 1 2 28 
8 2 3 21 17 14 4 18 19 6 22 18 10 6 23 15 13 14 18 3 16 18 10 10 5 13 12 11 19 21 17 15 5 14 28 17 23 8 29 5 8 1 4 27 29 9 26 27 22 10 23 13 4 23 26 12 15 26 19 28 26 15 8 15 19 28 5 2 28 15 7 7 2 16 28 17 13 29 28 25 16 12 1 8 8 23 1 22 1 1 10 16 8 15 22 19 27 26 15 20 
27 11 26 12 26 18 28 9 6 8 25 2 24 13 1 26 25 19 26 5 9 10 23 15 7 11 6 26 16 18 17 13 14 25 12 20 20 1 9 1 27 21 29 26 14 8 5 21 21 10 12 18 15 26 2 15 13 20 12 22 24 10 17 15 15 22 28 2 12 10 19 3 9 28 10 24 14 13 9 20 23 16 29 13 10 20 16 12 20 27 14 23 10 27 3 11 29 21 4 1 
3 28 13 2 28 5 15 15 24 9 26 28 3 22 15 8 11 16 13 14 19 8 12 29 21 7 10 23 29 4 7 15 26 5 14 21 21 15 19 11 20 28 25 2 20 8 16 29 1 5 9 8 4 23 16 19 16 20 6 1 16 6 2 16 25 27 4 14 15 28 10 17 6 14 28 19 18 8 3 2 7 25 12 18 1 8 23 9 15 21 26 14 24 1 27 18 9 1 12 22 
5 8 27 2 20 16 3 29 5 22 26 27 18 27 14 25 9 11 23 27 11 18 11 26 1 14 25 11 13 4 29 9 20 29 6 23 11 25 4 12 15 12 3 13 1 11 27 9 29 18 18 22 2 9 3 11 15 4 5 28 20 24 26 14 4 14 16 7 18 21 9 18 29 26 15 29 9 6 16 25 5 8 25 9 11 19 7 9 15 16 1 19 13 7 22 18 19 27 26 27 
25 15 10 23 28 15 11 27 12 27 24 18 25 13 21 11 10 7 5 10 12 2 29 4 3 15 25 14 10 11 21 2 18 4 21 3 26 15 18 3 12 4 24 1 11 27 2 5 25 16 8 14 23 22 9 14 7 17 2 8 12 16 3 23 12 16 8 11 7 25 20 23 8 3 4 24 29 19 7 6 5 23 4 5 3 14 17 28 15 4 17 9 6 5 17 27 25 10 19 13 
14 13 19 9 5 27 26 4 29 26 1 5 8 4 4 27 28 29 7 4 13 18 16 9 3 18 15 8 17 29 24 22 12 29 2 15 9 18 22 7 20 8 3 9 13 9 1 23 27 25 29 27 26 15 10 8 12 6 15 2 11 24 11 24 18 23 1 13 26 23 1 24 20 19 7 25 28 4 8 27 25 15 13 19 17 23 28 18 22 26 26 27 3 28 19 18 24 4 7 14 
7 3 16 26 10 7 7 18 4 5 25 28 14 1 11 24 11 17 5 28 17 19 18 21 13 8 9 8 25 6 29 11 24 26 23 25 9 21 4 19 10 15 9 23 16 14 15 9 5 18 28 6 13 4 1 20 13 12 21 13 18 23 4 4 27 11 16 6 6 19 21 9 3 16 20 19 2 15 24 9 27 12 7 22 4 23 7 9 4 3 20 28 29 18 28 2 6 14 14 26 
21 16 7 5 24 3 22 29 28 27 3 8 20 13 6 4 9 1 19 10 15 16 21 26 1 7 15 24 4 3 18 7 17 16 15 10 6 25 18 19 6 28 15 28 17 24 22 7 21 26 15 29 19 28 24 24 20 27 10 10 11 22 18 24 21 20 28 29 22 16 6 20 29 29 24 15 21 20 9 6 11 13 13 19 22 11 15 18 7 27 12 28 16 25 19 11 26 25 17 21 
10 13 20 20 11 1 14 13 10 25 28 22 2 8 22 4 2 13 28 6 20 3 12 7 17 23 17 4 4 18 27 15 17 23 4 12 20 26 9 13 19 25 3 18 23 1 6 13 26 27 26 2 13 6 16 2 1 14 18 19 14 17 29 15 12 18 28 23 2 8 24 15 6 9 28 27 17 2 4 28 16 3 14 29 20 25 19 19 1 25 24 21 27 26 13 10 20 18 4 11 
26 21 2 29 5 12 5 4 16 16 17 11 15 9 17 1 25 14 25 13 9 17 14 14 18 21 18 25 11 16 11 21 19 11 20 21 6 7 28 2 26 16 29 23 8 15 17 11 11 6 8 10 1 4 20 8 22 29 5 3 14 25 23 28 20 15 23 15 22 21 3 25 24 25 14 11 11 16 13 27 21 3 5 15 6 24 1 27 19 10 15 16 1 21 3 12 17 29 6 23 
11 18 4 22 17 1 16 25 11 3 20 15 15 28 21 11 26 25 21 15 17 11 15 4 7 8 19 18 28 16 5 2 24 8 21 19 17 17 13 5 27 22 9 12 7 13 13 22 11 29 12 9 26 10 19 24 10 12 5 15 13 20 14 10 23 8 17 15 7 22 28 15 27 19 1 10 20 1 12 19 23 3 9 3 5 16 28 3 14 23 4 16 20 24 19 24 29 17 19 17 
2 17 11 16 2 29 27 5 17 26 12 14 19 21 9 25 22 25 1 21 5 27 17 3 17 4 19 3 9 4 17 19 14 28 14 1 5 19 25 4 22 5 19 28 5 5 24 25 9 2 1 18 17 3 29 5 23 17 29 28 21 25 16 18 7 16 24 8 7 9 3 19 1 25 27 4 24 20 24 21 14 23 18 5 12 15 14 26 12 27 23 20 4 8 10 21 25 26 12 21 
8 17 17 23 8 14 23 10 3 7 22 11 26 14 5 29 28 3 20 22 10 25 20 18 17 24 3 19 6 7 21 5 5 22 20 18 19 18 28 5 17 17 23 3 12 6 12 7 28 17 24 21 15 22 29 20 6 17 25 7 28 24 29 22 7 2 13 17 4 20 5 18 29 13 15 15 24 5 26 29 29 17 21 24 3 23 13 29 4 21 28 22 1 14 22 28 15 13 12 16 
23 21 10 28 24 5 5 11 27 3 14 28 21 12 21 14 7 5 12 26 16 28 14 20 11 28 11 15 8 21 23 15 24 20 6 22 1 29 14 26 24 19 19 1 28 10 19 17 5 17 23 5 23 2 26 25 26 26 17 15 25 13 5 1 16 11 27 27 8 1 24 17 10 12 18 11 17 11 5 3 4 24 5 26 5 13 10 13 17 18 26 10 18 29 25 22 6 12 9 19 
14 5 5 10 20 16 2 17 13 7 4 12 14 10 13 11 2 9 14 26 21 8 1 17 27 22 20 21 7 3 17 14 19 27 25 4 29 6 1 16 14 19 7 7 19 11 9 10 1 23 16 1 10 1 19 10 9 18 28 10 28 20 20 6 20 1 26 14 12 8 12 10 21 3 18 19 1 5 27 24 18 25 11 24 20 14 23 27 9 14 21 7 29 5 2 29 21 17 29 3 
5 14 18 14 6 21 28 27 3 14 2 27 8 4 11 26 3 11 3 27 14 2 12 13 22 11 23 10 26 24 4 3 19 10 12 22 6 20 19 19 18 4 27 14 23 6 10 23 26 6 18 10 18 21 4 4 1 1 12 27 9 18 8 21 7 6 8 6 23 23 15 25 4 21 13 10 26 8 27 15 15 2 9 12 12 24 16 1 12 12 3 28 8 24 12 25 11 8 9 10 
9 23 25 24 13 13 29 20 8 21 2 16 13 4 7 18 17 15 23 29 17 28 12 20 4 24 15 10 15 13 4 24 29 7 22 1 5 18 17 5 24 9 10 13 4 8 14 28 2 19 17 9 12 20 23 27 8 2 29 15 10 14 23 21 11 9 21 13 6 8 23 17 12 25 2 5 9 2 13 17 22 26 10 12 24 15 27 20 2 21 22 29 12 3 3 8 23 7 26 6 
16 29 19 2 3 29 28 2 17 4 29 28 20 26 28 9 19 1 10 8 1 24 12 23 12 19 8 8 25 29 23 24 2 17 26 8 26 4 6 19 18 23 25 27 27 29 21 2 28 26 23 7 21 4 27 3 4 9 6 21 1 10 26 5 23 13 20 24 24 12 23 26 9 3 3 19 12 8 23 5 24 11 1 22 26 9 1 12 12 3 6 21 4 23 21 12 24 21 27 25 
5 26 2 28 15 2 9 15 16 24 20 13 8 16 28 27 29 20 26 20 3 29 11 28 20 20 23 26 11 13 25 26 29 12 3 13 3 10 25 10 13 9 16 2 17 15 8 12 1 19 8 2 5 14 5 12 18 10 29 14 18 18 13 20 19 21 11 29 1 17 16 4 12 12 2 8 26 27 5 1 18 5 16 4 17 5 18 9 18 19 21 5 23 25 6 5 16 1 28 1 
11 3 20 8 24 16 13 26 17 12 14 1 21 3 18 17 14 6 15 2 19 15 2 13 6 15 5 22 2 24 20 24 5 5 6 15 2 29 15 29 1 9 10 1 11 3 27 17 28 24 2 18 19 16 20 25 12 2 27 2 18 6 21 8 22 18 20 23 21 19 23 28 19 26 25 20 11 24 13 17 7 24 26 2 18 6 20 15 20 15 19 8 22 25 24 11 6 13 4 15 
6 13 1 11 27 3 12 7 28 11 25 9 16 28 14 1 22 21 21 24 20 25 3 15 4 20 12 17 25 7 7 3 8 2 26 7 14 23 27 4 5 28 8 23 8 23 19 3 1 5 6 6 27 23 15 11 11 6 11 17 1 10 3 22 16 28 8 24 22 21 3 7 6 16 9 12 20 18 28 14 22 13 27 23 6 24 24 26 4 20 7 14 7 3 13 19 20 12 2 24 
19 4 1 12 10 25 10 29 11 20 13 15 7 6 9 23 29 11 12 9 9 7 2 15 24 15 20 7 16 15 4 2 23 13 11 7 25 12 6 10 21 25 15 1 20 1 8 23 9 17 9 3 21 28 13 11 14 13 20 15 1 6 16 25 28 21 14 10 6 15 9 24 10 27 16 29 15 4 14 19 23 14 26 5 7 16 15 2 20 21 21 19 2 6 12 20 4 23 2 23 
22 14 15 3 28 15 4 23 8 23 27 17 12 24 14 19 24 16 3 24 5 19 1 3 17 3 20 15 5 10 18 25 1 9 11 3 5 2 17 1 12 25 8 2 6 5 17 3 15 12 14 6 18 22 28 21 17 4 25 9 3 1 3 6 16 19 1 1 21 23 20 21 15 4 24 28 3 2 17 7 14 10 14 6 27 26 24 19 9 17 24 21 25 1 27 24 1 8 5 13 
13 18 29 3 6 3 8 11 7 18 6 9 22 9 16 27 24 7 5 10 25 11 8 12 22 16 6 29 3 14 25 8 10 14 10 24 7 6 3 25 23 29 22 17 19 7 21 29 7 14 7 15 12 8 8 19 24 18 18 6 15 18 27 19 6 1 9 23 10 21 1 2 26 27 6 25 13 22 13 7 6 3 28 6 12 26 13 21 12 24 10 13 5 21 22 5 5 23 28 7 
12 15 21 3 26 7 29 8 14 7 29 22 22 18 18 26 4 20 6 14 24 26 5 27 24 19 7 14 8 27 1 21 8 15 2 10 4 9 7 29 5 3 25 3 29 1 5 5 29 26 7 24 9 4 10 3 13 2 22 24 17 16 17 29 25 7 23 15 27 13 16 28 27 10 12 27 2 14 4 3 14 14 1 5 13 23 25 25 3 14 13 17 11 19 16 8 10 9 29 19 
23 22 28 27 11 26 12 12 7 23 15 28 5 10 13 5 17 26 4 8 23 5 21 14 24 25 6 2 17 23 11 28 8 6 11 10 1 11 7 26 21 14 29 13 20 4 1 25 12 8 2 26 21 9 28 19 10 23 12 2 24 25 7 7 27 15 29 22 16 13 26 5 27 2 23 14 21 10 24 16 15 14 13 14 29 22 19 14 9 21 22 13 12 11 15 9 13 5 20 3 
21 11 19 7 10 23 15 7 25 8 13 22 14 3 8 2 26 8 7 15 2 25 5 17 9 1 14 15 15 18 28 18 9 9 24 13 11 20 18 10 3 27 6 13 4 8 7 29 22 13 13 26 7 4 7 8 4 11 6 10 27 28 20 24 4 6 24 12 13 20 27 19 6 11 20 24 10 5 21 4 26 19 21 23 12 10 6 13 3 22 5 24 14 8 11 19 3 26 26 3 
11 11 25 12 3 8 9 14 26 20 12 11 24 2 27 28 3 3 21 15 23 3 16 29 4 8 8 7 7 25 24 24 20 11 11 3 23 2 27 7 20 13 22 3 1 17 21 9 2 23 1 4 18 18 28 13 21 16 28 4 15 17 27 5 5 27 3 16 9 9 2 9 25 29 22 25 29 6 6 29 5 19 3 8 8 26 20 1 13 18 20 1 29 7 29 1 18 5 4 24 
23 29 19 3 8 21 25 22 14 9 26 20 2 19 6 5 6 17 10 26 9 18 10 2 28 26 15 19 25 1 7 10 10 5 6 13 5 20 4 1 4 17 1 6 22 20 12 14 10 3 14 10 14 19 3 22 16 9 12 14 23 9 15 1 9 17 26 12 22 26 7 6 18 1 13 19 2 11 4 4 11 15 25 11 3 17 29 22 4 6 9 11 14 15 25 23 27 26 15 15 
7 3 13 5 25 24 12 21 4 8 17 8 3 26 3 25 17 1 14 4 26 2 7 17 25 28 20 3 16 14 7 11 25 24 11 5 20 25 26 3 29 17 12 15 12 3 4 6 4 17 19 9 9 3 27 14 2 2 26 17 20 17 24 2 2 16 15 22 29 22 8 25 22 13 22 18 6 21 15 7 6 13 1 26 28 9 21 25 11 17 27 10 19 5 23 1 8 14 18 19 
25 29 19 14 21 22 12 25 20 6 18 25 9 22 25 25 6 23 6 24 24 11 26 16 6 7 27 24 28 17 6 3 10 28 17 23 28 5 21 18 23 25 27 13 25 14 26 16 24 4 27 25 23 7 13 27 23 10 25 13 22 19 8 16 16 21 5 22 26 10 18 21 18 20 24 18 16 8 9 16 9 26 21 15 22 11 20 10 4 29 19 9 5 11 13 23 20 5 6 21 
29 15 17 8 16 17 6 12 2 20 3 24 15 11 4 26 27 6 14 6 29 14 25 24 27 8 24 24 29 3 27 14 16 25 17 18 20 10 13 26 27 3 17 18 2 23 6 11 26 21 3 28 4 26 21 2 24 14 2 3 23 2 2 27 5 10 10 17 12 10 15 22 2 23 23 12 1 2 14 16 5 25 8 13 14 5 2 6 15 5 13 9 12 13 4 14 12 25 24 3 
7 26 29 26 10 17 7 5 3 26 6 12 11 5 18 28 26 1 1 23 2 5 26 15 10 10 4 19 26 25 26 18 11 7 26 16 16 11 3 1 10 1 4 8 5 9 2 28 11 29 19 20 10 7 20 27 1 25 13 13 9 22 21 20 17 8 29 4 20 22 28 12 24 22 16 20 10 14 7 9 1 11 10 2 8 25 23 10 4 21 8 2 13 26 9 11 10 22 12 15 
24 1 2 5 17 8 9 15 16 25 5 2 27 13 2 11 29 12 22 18 7 16 5 2 5 6 25 27 7 9 27 23 1 18 8 12 24 20 24 2 22 11 17 19 4 4 13 12 17 27 20 3 1 25 14 11 8 14 15 28 3 5 29 15 11 16 26 18 22 21 3 22 25 23 19 27 3 6 15 9 7 12 4 8 6 23 25 5 21 15 20 11 16 21 14 10 7 16 26 11 
16 5 22 16 23 19 9 27 27 8 4 15 5 20 12 4 21 13 17 25 14 20 17 10 15 25 24 11 21 9 21 28 21 12 23 16 19 12 27 27 5 24 12 18 22 10 5 24 9 19 21 10 22 9 20 15 27 12 4 2 10 12 12 16 18 20 28 5 14 4 11 24 2 27 6 27 9 20 23 25 28 5 18 20 18 14 13 19 18 29 27 2 9 5 17 25 21 5 15 6 
16 23 3 10 6 21 27 16 5 26 4 4 21 13 10 10 7 4 12 26 20 3 14 11 5 18 12 29 15 20 4 24 28 12 8 3 5 2 15 5 2 2 22 21 16 21 14 3 28 26 2 24 7 29 11 9 15 20 17 2 19 27 10 11 2 11 14 14 12 18 13 28 11 1 14 5 21 7 3 28 29 11 7 3 10 21 28 16 25 2 15 24 21 16 2 15 7 10 28 16 
23 25 24 1 23 13 3 5 10 25 29 9 21 25 14 26 6 4 3 1 25 11 25 6 15 20 18 11 27 10 10 16 27 1 6 3 28 19 18 22 18 10 13 26 22 18 22 17 7 29 6 28 6 29 8 11 23 21 6 7 14 18 28 1 21 9 26 29 17 1 21 14 28 5 7 17 13 15 18 28 16 23 8 29 23 29 18 25 11 12 12 23 16 27 24 25 25 17 17 29 
17 18 21 27 20 24 24 24 11 10 11 28 21 23 23 28 9 15 12 19 7 19 14 28 21 1 6 8 13 14 17 18 24 8 15 4 7 13 2 3 9 21 17 1 4 4 25 3 21 4 24 24 7 1 28 1 18 13 5 21 11 21 23 22 2 23 10 14 3 28 17 15 23 1 17 20 7 26 7 27 2 21 15 25 15 23 10 19 29 11 11 2 23 14 19 16 15 17 8 17 
28 7 11 5 18 15 8 3 22 19 29 6 7 13 19 17 3 11 12 18 19 1 22 13 18 2 7 16 3 29 22 12 9 28 4 18 21 5 28 12 5 4 1 4 10 22 4 6 7 19 18 5 13 10 3 7 6 12 29 13 27 8 27 5 25 12 5 25 25 28 20 8 9 18 20 5 18 15 8 28 2 15 27 28 9 1 21 7 23 6 5 10 10 6 11 16 12 26 2 29 
29 13 26 16 27 11 25 29 6 22 28 21 26 17 25 21 5 22 8 16 16 5 8 23 11 20 9 12 22 15 7 15 7 1 25 16 23 8 1 22 13 1 19 16 3 10 19 17 4 22 8 13 25 20 25 10 13 8 14 24 21 5 18 6 16 3 29 21 25 9 6 25 18 26 15 21 2 1 27 1 5 8 15 21 8 29 13 6 26 11 7 15 10 10 20 7 4 19 20 28 
2 29 29 27 5 16 2 29 6 24 25 27 18 9 19 9 6 4 16 19 7 2 14 7 16 21 10 3 2 23 19 12 13 25 16 1 14 6 15 8 4 14 8 8 20 20 18 17 3 26 4 10 26 14 19 4 14 15 9 12 23 28 5 15 1 4 19 14 5 23 16 28 12 25 18 15 14 29 5 4 22 1 21 8 12 14 22 18 5 27 19 10 16 27 10 4 28 26 16 26 
23 26 14 17 21 9 21 9 18 24 12 29 21 27 8 23 11 17 12 15 26 23 1 7 20 28 13 9 16 26 2 6 28 7 5 3 22 10 6 22 9 5 1 9 23 29 16 13 15 10 21 25 24 26 25 20 21 4 17 14 27 2 22 21 14 3 3 24 8 1 28 3 4 9 12 17 21 6 19 2 20 29 10 4 10 24 26 23 3 15 9 11 14 21 10 1 29 19 5 5 
7 10 21 4 17 29 13 26 12 16 10 4 14 16 16 27 21 24 16 24 11 25 26 29 19 9 16 29 15 27 28 3 11 3 17 21 8 1 15 10 23 22 29 28 26 29 8 10 17 6 21 11 10 22 26 21 25 25 15 22 22 18 17 21 24 23 10 5 27 22 21 10 23 8 12 13 27 2 25 20 7 28 28 13 14 16 19 5 16 10 22 28 23 14 18 16 15 25 9 1 
7 18 14 25 15 16 5 24 11 4 4 17 12 24 13 7 21 16 2 10 13 17 14 8 18 24 13 12 20 15 8 9 27 20 1 27 29 23 4 15 15 20 23 2 18 12 21 10 23 22 14 16 1 4 19 29 11 26 23 12 8 23 22 4 28 25 27 1 16 24 27 12 7 20 23 9 18 7 29 19 17 2 28 11 4 9 16 12 4 22 1 29 20 16 20 29 5 28 16 26 
9 17 19 16 27 7 24 28 3 13 4 7 3 2 25 19 14 12 29 13 4 9 29 23 3 12 20 23 18 16 20 18 16 17 3 7 22 2 2 27 26 5 12 20 8 7 12 22 28 8 17 1 20 4 10 1 26 24 24 20 8 1 20 16 22 8 13 13 29 21 9 9 27 5 18 24 8 24 5 3 9 27 8 18 3 24 28 26 16 3 22 6 6 15 13 10 7 23 14 29 
3 17 25 21 4 8 13 19 4 1 14 15 19 25 19 26 23 18 16 5 12 6 22 29 21 29 18 4 15 10 20 11 10 28 17 1 13 26 20 22 5 18 29 8 26 18 28 26 5 18 6 26 3 7 16 5 27 9 29 4 4 21 27 8 11 23 1 8 29 9 4 25 16 15 4 24 4 10 25 27 24 23 20 5 4 23 20 6 4 4 14 28 21 15 20 15 21 24 1 28 
27 20 21 26 17 29 24 25 17 6 19 20 10 24 10 24 7 9 26 22 22 25 2 20 27 8 3 16 27 25 11 26 10 28 10 11 21 18 13 16 13 1 7 1 11 9 28 19 6 10 24 28 4 21 17 10 15 7 23 27 23 7 2 4 16 24 4 27 12 11 2 10 25 16 1 7 16 15 29 28 19 26 10 28 23 25 10 20 9 17 26 14 27 8 23 29 25 25 28 14 
3 12 8 26 7 8 25 27 22 22 13 8 14 25 8 18 9 29 7 17 4 4 8 18 6 1 27 9 17 15 10 15 11 10 9 6 2 13 12 29 22 27 24 13 21 6 20 22 6 1 18 4 25 19 5 21 16 11 7 2 9 24 4 13 28 26 20 20 19 9 21 16 15 22 7 20 5 12 8 19 5 8 17 24 16 21 15 24 23 1 3 16 13 24 23 11 13 10 27 2 
17 22 14 5 27 1 12 14 28 24 13 28 29 4 18 18 8 17 18 26 2 17 13 12 14 11 14 12 17 29 21 5 13 16 27 20 3 1 13 15 4 22 1 17 12 22 24 16 1 17 20 14 7 9 25 19 7 29 25 8 10 25 14 11 25 7 25 7 29 1 9 4 27 6 11 21 7 29 1 2 5 14 3 12 16 8 10 14 7 9 5 20 12 24 6 8 16 10 15 8 
27 4 7 15 14 27 18 26 15 19 10 27 21 8 5 25 5 15 16 17 10 11 2 28 27 13 13 21 9 24 26 14 28 4 8 17 5 19 5 26 3 9 19 6 4 11 12 2 11 22 22 20 8 7 1 13 22 9 8 29 24 25 14 2 13 21 21 8 6 26 7 29 2 8 7 7 20 11 6 27 12 20 21 6 29 27 23 2 29 18 10 19 6 4 9 9 21 11 22 2 
4 22 16 17 16 23 6 23 27 11 10 11 19 15 17 13 10 29 28 26 24 14 25 13 7 14 28 28 5 11 28 13 10 14 6 12 19 26 25 24 6 14 6 23 16 17 13 13 12 27 13 12 13 24 18 18 29 5 18 1 9 25 14 17 12 27 2 18 20 9 11 19 3 14 20 28 17 26 22 6 5 5 26 9 3 12 26 19 18 16 27 22 16 22 2 22 26 22 15 17 
28 21 12 27 9 4 9 20 10 5 11 8 27 19 13 18 5 18 22 8 4 19 9 28 17 24 1 16 14 17 13 2 21 16 29 15 11 24 8 9 13 7 29 10 20 12 24 25 25 28 14 18 25 12 16 11 1 15 5 23 25 17 12 1 12 29 2 24 5 26 1 15 15 10 21 15 23 5 7 16 24 14 7 3 28 13 29 13 16 9 28 25 26 3 13 25 18 6 24 9 
10 11 25 6 11 26 6 6 15 14 17 23 13 6 18 12 25 9 22 19 29 8 13 7 9 29 3 4 21 2 4 25 25 8 12 16 22 28 23 4 8 22 8 24 10 27 19 17 26 10 7 25 7 13 29 24 2 2 19 27 13 4 12 19 21 9 7 3 17 9 10 8 14 4 6 9 5 6 4 29 16 18 18 10 2 19 27 23 6 24 21 13 12 29 23 6 20 27 29 22 
23 24 4 2 19 16 28 5 17 12 9 10 9 2 16 17 14 11 20 17 20 21 23 11 9 2 20 13 28 18 8 20 11 26 4 29 9 26 17 18 12 24 3 16 25 16 7 13 15 7 21 1 19 2 14 13 1 9 10 9 21 12 28 10 10 26 26 3 5 23 21 10 10 14 27 26 19 17 15 28 10 10 20 7 6 20 12 2 11 20 10 10 28 13 20 13 23 28 15 20 